20      2
7.47690160739            944.095942353

5.05058399542            974.491601305

18.2100109328            668.395501828

10.8796375464            881.633486859

12.5115647975            843.460746318

2.26593681401            994.865530355

17.2269447463            703.232374707

4.44430194095            980.248180258
11.4230462224            869.514015002

5.52675568278            969.454971623

13.6711553185            813.099512256

9.15771418516            916.136270903

9.01121677029            918.797972319

2.83542152518            991.960384775

10.3608514522            892.652757184

14.7867194491            781.352927933

12.9661787983            831.878207371

4.17765313922            982.547214248

12.0430543641            854.964841583

14.8238168989            780.254452549
