Nb_piont= 50
3.10966006539            990.330014278
17.6129398945            689.784348273
7.56376001218            942.789534478
3.93433804242            984.520984168
6.00556034347            963.933244961
15.5846419635            757.118934871
3.55855363605            987.336696019
10.1658326917            896.655845685
10.112857223            897.730118788
13.2400522908            824.701015338
10.5290312335            889.139501284
4.61941734523            978.660983391
13.675581984            812.978457398
9.26719061726            914.119178063
8.61606677434            925.76339334
15.6289246022            755.736715779
18.7802236223            647.303200696
6.54594367842            957.150621359
8.96589299429            919.612762815
12.2639351342            849.595895024
3.37346453337            988.619737042
11.1626236175            875.395833974
17.9170979874            678.977599709
10.9212013171            880.727361791
17.6894774192            687.082388637
15.2335118948            767.940115352
3.22709412911            989.585863482
17.8450490194            681.554225496
1.80834226657            996.729898247
6.6509850125            955.764398363
10.6317161588            886.966611518
17.4015659572            697.185502236
16.384210162            731.557657366
13.7890865158            809.86109306
11.755176248            861.815831378
8.24340473476            932.046278379
17.7251355415            685.819570036
17.9052292891            679.402764105
9.16688829192            915.968159043
4.81805962554            976.786301445
9.20105927903            915.340508144
1.93043301054            996.273428392
8.46284758504            928.380210752
17.8183517896            682.506339504
6.61126496344            956.291175583
2.8187228063            992.054801741
12.795358668            836.278796556
15.0333519331            773.998329656
13.6686341017            813.168441793
16.4383705514            729.779973616
